0,310
0,305
0,308
0,307
0,302
0,304
0,303
0,12
0,10
0,8
0,0
0,487
0,419
0,300
0,486
0,418
0,299
0,485
0,417
0,298
0,484
0,416
0,297
0,535
0,415
0,296
0,534
0,414
0,295
0,536
0,413
0,294
0,532
0,412
0,293
0,531
0,411
0,292
0,533
0,410
0,291
0,529
0,409
0,290
0,528
0,407
0,289
0,530
0,406
0,288
0,526
0,405
0,287
0,525
0,404
0,286
0,527
0,403
0,285
0,523
0,402
0,284
0,522
0,401
0,283
0,524
0,400
0,282
0,520
0,399
0,281
0,519
0,398
0,280
0,521
0,397
0,279
0,518
0,396
0,278
0,517
0,395
0,277
0,560
0,394
0,276
0,559
0,393
0,275
0,558
0,392
0,274
0,516
0,391
0,273
0,515
0,390
0,272
0,557
0,389
0,271
0,556
0,388
0,270
0,566
0,387
0,269
0,565
0,386
0,268
0,514
0,385
0,267
0,513
0,384
0,266
0,564
0,383
0,265
0,554
0,382
0,264
0,553
0,381
0,263
0,555
0,380
0,262
0,549
0,379
0,261
0,548
0,378
0,260
0,552
0,377
0,259
0,551
0,376
0,258
0,550
0,375
0,257
0,512
0,374
0,256
0,511
0,373
0,255
0,563
0,372
0,254
0,547
0,371
0,253
0,470
0,370
0,252
0,469
0,369
0,251
0,561
0,368
0,250
0,562
0,483
0,249
0,510
0,367
0,248
0,482
0,366
0,247
0,468
0,365
0,246
0,509
0,364
0,245
0,508
0,467
0,244
0,506
0,466
0,242
0,505
0,363
0,241
0,507
0,362
0,240
0,504
0,361
0,239
3,3
202,0
202,2
203,0
203,1
203,3
203,4
204,1
204,2
204,4
205,0
205,1
205,3
205,4
205,6
206,1
206,2
207,0
207,1
207,3
208,0
208,2
208,4
209,0
209,2
209,3
210,1
210,3
211,0
211,2
211,3
212,1
212,3
213,0
213,2
213,3
214,1
214,2
215,0
215,2
215,3
216,1
216,2
217,0
217,2
217,3
218,1
218,2
219,0
219,1
219,3
220,1
220,2
223,0
223,1
223,3
223,5
226,0
226,2
226,3
226,5
227,0
227,2
228,0
228,1
228,3
229,0
229,2
229,3
229,1
228,2
227,3
227,1
226,4
226,1
223,4
223,2
220,3
220,0
219,2
218,3
218,0
217,1
216,3
216,0
215,1
214,3
214,0
213,1
212,2
212,0
211,1
210,2
210,0
209,1
208,3
208,1
207,2
206,3
206,0
205,5
205,2
204,5
204,3
204,0
203,2
202,3
202,1
3,1
3,0
1,3
1,1
1,0
2,1
0,494
2,3
0,408
2,0
0,322
0,9
0,503
0,360
0,238
0,502
0,359
0,237
0,501
0,358
0,236
0,500
0,357
0,235
0,499
0,356
0,234
0,498
0,355
0,233
0,464
0,354
0,232
0,463
0,353
0,231
0,465
0,352
0,230
0,462
0,461
0,229
0,460
0,351
0,228
0,459
0,350
0,227
0,458
0,349
0,226
0,457
0,348
0,225
0,456
0,455
0,224
0,497
0,481
0,223
0,496
0,347
0,222
0,454
0,346
0,221
0,453
0,345
0,220
0,495
0,344
0,219
0,480
0,451
0,218
0,479
0,450
0,217
0,452
0,343
0,216
0,449
0,342
0,215
0,478
0,341
0,214
0,448
0,340
0,213
0,447
0,446
0,212
0,445
0,444
0,211
0,443
0,339
0,210
0,546
0,338
0,209
0,545
0,337
0,208
0,442
0,336
0,207
0,441
0,335
0,206
0,543
0,334
0,205
0,544
0,440
0,204
0,542
0,333
0,203
0,439
0,332
0,202
0,438
0,331
0,201
0,436
0,330
0,200
0,477
0,435
0,199
0,476
0,437
0,198
0,434
0,329
0,197
0,475
0,328
0,196
0,433
0,327
0,195
0,432
0,326
0,194
0,431
0,430
0,193
0,429
0,428
0,192
0,541
0,325
0,63
0,492
0,324
0,62
0,491
0,323
0,61
0,493
0,321
0,60
0,490
0,474
0,59
0,427
0,320
0,58
0,473
0,319
0,57
0,472
0,318
0,56
0,426
0,317
0,55
0,471
0,425
0,54
0,424
0,423
0,53
0,422
0,316
0,52
0,421
0,315
0,51
0,420
0,314
0,50
0,540
0,313
0,49
0,538
0,312
0,48
0,537
0,311
0,47
0,539
0,309
0,46
0,489
0,306
0,45
0,488
0,301
0,6
0,5
0,1
0,11
0,4
0,2
0,3
0,7
